$ 1 0.000005 11.086722712598126 1 5 43 5e-11
v 128 176 128 256 0 1 60 180 0 0 0.5
T 320 176 224 96 0 4 10 -0.44472791636852077 0.04384872388291002 0.999
w 128 256 224 256 0
w 128 176 224 176 0
d 416 176 448 144 2 1N4004
d 448 208 416 176 2 1N4004
d 448 208 480 176 2 1N4004
d 480 176 448 144 2 1N4004
w 320 176 416 176 0
w 480 176 480 256 0
w 416 256 480 256 0
w 448 144 608 144 0
w 448 304 608 304 0
w 416 256 320 256 0
w 448 208 448 240 0
c 608 176 608 208 0 0.0006799999999999999 14.705112268342358 0.001
w 608 144 608 176 0
w 608 208 608 240 0
w 448 240 448 304 0
w 608 304 608 240 0
w 720 144 816 144 0
r 720 144 720 208 0 250
w 720 208 816 208 0
w 672 144 672 192 0
162 672 192 672 240 2 default-led 1 0 0 0.01
r 672 240 672 272 0 1000
w 672 272 672 304 0
w 608 304 672 304 0
w 608 144 672 144 0
w 672 144 720 144 0
z 720 256 720 208 2 1N4004
w 720 256 720 304 0
w 720 304 816 304 0
174 816 208 816 256 1 5000 0.005 Resistance
r 816 272 816 304 0 2000
w 832 240 880 240 0
w 880 240 880 208 0
w 880 208 896 208 0
w 816 144 912 144 0
t 896 208 928 208 0 1 -0.8446987701238601 0.7167735218284006 100 default
w 928 224 944 224 0
r 992 240 992 272 0 120
w 944 304 816 304 0
w 928 192 928 144 0
w 912 144 928 144 0
w 672 304 720 304 0
w 944 224 992 224 0
w 944 304 992 304 0
w 992 224 992 240 0
w 992 272 992 304 0
o 41 64 0 4355 40 0.2 0 2 41 3
