$ 1 0.000005 16.817414165184545 50 5 43 5e-11
v 112 160 112 288 0 1 60 180 0 0 0.5
w 112 160 192 160 0
w 112 288 192 288 0
T 192 288 288 160 0 4 0.1 1.6233749426784607 0.4103425670797791 0.999
d 352 160 400 208 2 1N4004
d 352 256 400 208 2 1N4004
d 304 208 352 160 2 1N4004
d 304 208 352 256 2 1N4004
w 288 160 352 160 0
w 400 208 480 208 0
w 352 256 352 288 0
w 352 288 288 288 0
w 304 208 304 352 0
w 304 352 480 352 0
r 544 272 544 352 0 1000
c 480 208 480 352 0 0.00052 14.926917249186909 0.001
w 480 208 544 208 0
w 480 352 544 352 0
w 544 208 608 208 0
34 zener-13 0 1.7143528192810002e-7 0 2 13 0
z 608 320 608 288 2 zener-13
w 608 320 608 352 0
w 608 352 544 352 0
162 544 208 544 272 2 default-led 1 0 0 0.01
r 608 208 608 256 0 750
g 480 352 480 416 0 0
w 608 208 784 208 0
w 608 256 672 256 0
t 752 256 784 256 0 1 -2.1575556737843264 0.7145368970806629 100 default
r 672 352 672 320 0 2200
w 672 352 608 352 0
w 688 288 752 256 0
w 608 256 608 288 0
174 672 256 672 320 1 5000 0.005 Resistance
w 784 208 784 240 0
w 784 272 784 304 0
r 784 304 784 352 0 120
w 784 352 672 352 0
o 35 64 3 4099 20 0.2 0 1
